liability
30000
30000
30000
30000
30000
30000
30000
30000
30000
30000
30000
30000
30000
30000
30000
30000
30000
30000
30000
30000
30000
30000
30000
30000
30000
30000
30000
30000
30000
30000
30000
30000
30000
30000
30000
30000
30000
30000
30000
30000
30000
30000
30000
30000
30000
30000
30000
30000
30000
30000
30000
30000
30000
30000
30000
30000
30000
30000
30000
30000
30000
30000
30000
30000
30000
30000
30000
30000
30000
30000
30000
30000
30000
30000
30000
30000
30000
30000
30000
30000
30000
30000
30000
30000
30000
30000
30000
30000
30000
30000
30000
30000
30000
30000
30000
30000
30000
30000
30000
30000
30000
30000
30000
30000
30000
30000
30000
30000
30000
30010
30010
30020
30060
30070
30070
30090
30090
30150
30160
30190
30200
30310
30330
30470
30520
30540
30550
30550
30550
30550
30560
30580
30870
31090
31100
31490
31510
31510
31520
31580
31710
31930
32110
32200
32250
32500
32500
32540
32610
32660
32800
32800
32920
33140
33250
33290
33320
33750
34000
34000
34270
34340
34370
34850
34950
34990
35000
35000
35000
35000
35000
35000
35000
35000
35000
35000
35000
35000
35000
35000
35000
35000
35000
35000
35000
35000
35030
35040
35140
35330
35520
35860
36000
36120
36300
36450
37320
37630
37670
37990
38000
38200
38580
38620
38660
39000
39200
39910
40000
40000
40000
40000
40000
40000
40000
40000
40000
40000
40000
40000
40000
40000
40000
40000
40000
40000
40000
40000
40000
40000
40000
40000
40000
40000
40000
40000
40000
40000
40000
40000
40000
40000
40000
40000
40000
40000
40000
40000
40000
40000
40000
40000
40000
40000
40090
40380
40430
41030
41530
42000
42000
42050
42100
42160
42230
42500
42790
43570
43720
43770
43780
43790
44340
44440
44800
44860
45000
45000
45000
45000
45000
45000
45000
45020
45100
45100
45800
45940
46000
46460
46800
47000
47140
47260
47330
47700
48000
48030
48130
48220
48220
48320
48760
48870
49210
49240
49240
49240
49240
49240
49360
49550
49890
49960
49990
49990
49990
50000
50000
50000
50000
50000
50000
50000
50000
50000
50000
50000
50000
50000
50000
50000
50000
50000
50000
50000
50000
50000
50000
50000
50000
50000
50000
50000
50000
50000
50000
50000
50000
50000
50000
50000
50000
50000
50000
50000
50000
50000
50000
50000
50000
50000
50000
50000
50000
50000
50000
50000
50000
50000
50000
50000
50000
50000
50000
50000
50000
50000
50000
50000
50000
50000
50000
50000
50000
50000
50000
50000
50000
50000
50000
50000
50000
50000
50000
50000
50000
50000
50000
50000
50000
50000
50000
50000
50000
50000
50000
50000
50000
50000
50000
50000
50000
50000
50000
50000
50000
50000
50000
50030
50060
50070
50080
50120
50250
50330
50460
50580
51550
52110
52790
52950
53100
54070
54330
54970
55000
55000
55000
55000
55520
55730
56340
57540
58000
58020
58250
59120
59640
59810
59990
60000
60000
60000
60000
60000
60000
60000
60000
60000
60000
60000
60000
60000
60250
60420
60550
60820
61000
61470
61500
61850
62130
62690
63580
64060
64410
64660
64990
65000
65000
65000
65000
66310
66850
68000
68540
68750
69030
69420
69990
70000
70000
70000
70000
70000
70000
70000
70200
71000
71040
72910
72920
73860
75000
75000
75000
75000
75000
75000
75000
75120
77330
77500
80000
80000
80000
80000
80000
80020
80550
81910
83400
85000
86460
86530
88630
89590
90000
90000
90000
90150
92250
92950
94830
95000
98040
99070
99990
99990
99990
99990
99990
99990
99990
99990
100000
100000
100000
100000
100000
100000
100000
100000
100000
100000
100000
100000
100000
100000
100000
100000
100000
100000
100000
100000
100000
100000
100000
100000
100000
100000
100000
100000
100000
100000
100000
100000
100000
100000
100000
100000
100000
100020
100020
100060
100150
100160
100550
101300
102170
103320
103930
104110
104490
105050
105790
106500
107050
107140
110000
110000
110000
117360
119990
120000
120000
120000
120000
120000
120130
121040
123560
128200
129000
135080
140000
145000
147500
148000
150000
150000
150000
150000
150000
150000
150000
150000
150000
150000
156780
160000
160000
160310
163340
175000
180000
180000
180050
180210
189990
192900
200000
200000
200000
200000
200000
200000
207500
214550
215180
220000
220040
225000
249990
250000
250000
250000
250000
250000
250000
272820
275000
278000
288690
300000
300000
310000
350090
352270
400000
450000
500000
500000
510100
575720
700000
810410
1020000
1200000
